0 60
0 243
0 788
0 912
0 946
1 118
1 320
1 382
1 664
1 677
1 912
1 914
2 42
2 126
2 173
2 325
2 512
2 730
2 756
3 181
3 944
3 969
4 464
4 614
4 675
4 838
5 615
5 626
5 945
6 243
6 347
6 462
6 567
6 645
6 777
6 989
7 256
7 495
7 847
7 970
8 278
8 555
9 150
9 254
9 495
9 580
10 142
10 156
10 252
10 285
10 443
10 499
10 571
10 758
10 838
11 222
11 329
11 349
11 662
11 897
12 51
12 492
12 497
12 739
12 867
13 443
13 448
13 849
14 198
14 673
14 731
15 436
15 499
15 551
15 812
16 41
16 117
16 847
17 254
17 497
17 971
18 122
19 129
19 152
19 242
19 636
19 656
19 707
19 748
19 885
19 927
19 983
20 739
20 935
21 216
21 311
21 319
21 482
21 540
21 690
21 868
22 51
22 280
22 295
22 331
22 536
22 709
22 762
22 909
23 547
23 800
23 833
24 44
24 65
24 127
24 503
24 661
24 812
25 85
25 156
25 202
25 274
25 287
25 496
25 570
25 902
25 968
26 163
26 179
26 322
26 358
26 479
26 717
26 728
26 747
27 587
27 870
27 987
28 38
28 118
28 188
28 234
28 256
28 349
28 407
28 497
28 718
28 979
29 139
29 197
29 302
29 527
29 594
29 599
29 727
30 367
30 544
30 733
31 157
31 285
31 317
31 406
31 584
31 633
31 661
31 696
32 181
32 247
32 419
32 424
32 592
33 52
33 507
33 584
33 659
33 696
34 63
34 210
34 657
34 767
34 829
34 987
35 105
35 546
35 729
35 844
36 446
36 698
36 805
37 324
37 727
38 138
38 391
38 475
38 642
38 850
39 610
39 648
39 929
40 113
40 467
40 814
40 843
40 906
40 950
41 240
41 259
41 496
41 814
42 100
42 373
42 657
42 698
42 768
42 849
43 78
43 265
43 309
43 352
43 802
43 844
43 896
43 936
43 976
44 113
45 273
45 394
45 516
45 674
45 675
45 818
45 857
46 458
46 681
47 107
47 801
47 863
48 466
48 663
48 706
48 743
49 564
49 897
50 102
50 209
50 490
50 692
50 960
51 171
51 431
51 443
51 647
51 828
52 112
52 313
52 359
52 594
52 734
52 761
52 838
52 899
53 78
53 302
53 494
53 526
53 836
54 279
54 352
54 395
54 481
55 87
55 89
55 458
55 463
55 661
55 876
55 922
56 287
56 592
56 655
56 710
56 837
56 948
57 435
57 540
57 575
57 779
57 866
57 882
58 120
58 511
58 659
58 901
58 981
58 996
59 80
59 169
59 297
59 659
59 775
59 868
60 531
60 820
61 195
61 241
61 287
61 533
61 665
61 897
62 193
62 300
62 320
62 419
62 425
62 444
62 471
62 752
62 902
62 955
63 92
63 468
63 470
63 686
64 139
64 258
64 666
64 916
64 976
65 160
65 323
65 357
65 396
66 168
66 182
66 307
66 403
66 479
67 332
67 685
67 948
68 380
68 708
68 759
68 851
68 866
68 904
68 974
69 343
69 895
70 347
70 350
70 367
70 897
71 164
71 166
71 244
71 330
71 419
71 444
71 942
72 99
72 127
72 323
72 381
72 505
72 521
72 620
72 637
72 838
73 253
73 319
73 386
73 518
73 583
73 795
74 77
74 240
74 434
74 743
74 993
75 188
75 659
75 673
75 722
75 923
76 298
76 577
76 783
77 834
78 105
78 167
78 196
78 373
78 398
78 461
78 864
78 866
79 214
79 304
79 753
79 985
80 209
80 338
80 486
80 634
80 853
80 882
80 884
80 984
80 992
81 84
81 140
81 633
81 719
82 93
82 263
82 269
82 444
82 445
82 525
82 753
82 930
83 128
83 237
83 563
83 989
84 94
84 123
84 158
84 704
84 802
85 833
85 892
85 934
85 992
86 345
86 389
86 480
86 541
86 866
87 484
87 643
87 714
87 948
88 182
88 222
88 261
88 359
88 374
88 391
88 889
89 209
89 301
89 456
89 530
89 786
89 793
89 941
89 978
90 354
91 121
91 382
91 505
91 656
92 420
92 478
92 852
93 116
93 766
93 861
94 281
94 464
94 503
94 866
95 100
95 253
95 636
95 661
95 719
95 985
96 457
96 644
96 808
96 834
97 99
97 266
97 846
98 370
98 415
98 658
98 661
98 899
99 107
99 189
99 191
99 347
99 975
100 852
100 980
102 192
102 481
102 501
102 699
102 751
102 954
102 956
103 253
103 528
103 611
103 872
103 893
103 977
104 143
104 380
104 522
104 595
104 774
105 204
105 758
105 874
105 877
106 209
106 314
106 441
106 542
106 808
106 860
107 305
107 911
107 929
107 945
108 377
108 533
108 694
108 861
108 917
109 594
110 356
110 428
110 496
110 599
110 681
110 744
110 791
110 842
110 855
110 981
110 985
111 344
111 389
111 892
111 908
112 203
112 278
112 459
112 813
112 878
112 897
113 118
113 246
113 334
113 591
113 783
113 809
114 280
114 637
114 696
114 876
114 934
115 581
115 636
116 196
116 280
116 434
116 977
117 238
117 475
117 548
117 881
117 887
118 166
118 729
118 811
119 231
119 307
119 566
120 199
120 295
120 527
120 597
120 630
120 781
120 973
121 134
121 297
121 344
121 621
121 711
121 775
121 831
122 210
122 237
122 500
122 541
122 594
122 845
122 917
123 263
123 722
123 845
123 936
124 258
124 668
124 722
124 891
124 895
125 160
125 202
125 284
126 241
126 436
126 708
126 856
126 871
126 880
127 265
127 277
127 360
127 407
127 768
127 816
127 830
127 910
128 245
128 453
128 494
128 724
129 144
129 648
129 763
129 819
129 924
130 297
130 307
130 385
130 419
130 757
131 363
131 474
131 843
131 849
131 917
132 254
132 279
132 531
133 189
133 239
133 613
133 633
133 755
133 819
134 149
134 312
134 543
134 589
134 941
134 976
135 137
135 259
135 292
136 292
136 569
136 654
137 145
137 164
137 617
137 776
138 158
138 368
138 531
138 546
139 214
139 397
139 478
139 529
139 779
140 394
140 454
140 612
140 719
140 991
141 213
141 338
142 187
142 511
142 549
142 909
142 942
143 215
143 345
143 377
143 455
143 515
144 162
144 447
144 500
144 625
144 737
144 798
145 281
145 335
145 365
145 370
146 600
146 603
146 872
146 913
147 221
147 460
147 532
147 620
147 634
147 756
147 954
148 180
148 256
148 707
148 809
148 926
149 191
150 767
150 940
151 171
151 174
151 186
151 255
151 259
151 365
151 462
151 465
151 510
151 752
151 767
151 851
152 251
152 554
152 673
152 714
152 779
152 816
152 879
153 327
153 329
153 389
153 404
153 527
154 164
154 167
154 360
154 418
154 429
154 693
155 351
155 479
155 516
155 599
155 679
155 749
155 882
156 203
156 515
156 705
156 907
156 981
157 200
157 304
157 487
157 518
157 781
157 885
158 324
158 350
158 396
158 504
158 581
158 609
158 755
159 434
159 587
159 935
160 334
160 472
160 622
160 945
161 253
161 736
161 741
161 803
161 883
162 320
163 916
164 574
164 579
165 264
165 355
165 481
166 232
166 246
166 378
166 474
167 330
167 408
167 416
167 505
167 640
168 477
168 885
169 435
169 681
169 741
170 575
170 709
172 244
173 359
173 443
173 691
173 766
173 803
173 997
174 450
174 507
174 527
174 632
174 757
175 574
176 413
176 569
177 385
177 414
177 725
178 191
178 690
178 708
178 797
179 448
179 893
180 342
180 425
180 732
180 848
181 296
182 538
182 617
182 852
183 801
184 811
184 942
184 971
185 674
185 711
185 723
185 946
186 570
186 861
186 896
186 941
187 222
187 321
187 665
188 255
188 455
189 268
189 296
189 387
189 740
189 804
189 927
190 312
190 336
190 362
190 575
190 773
190 998
191 243
191 535
191 910
192 234
192 236
192 938
193 443
193 567
194 519
194 525
194 631
194 935
195 313
195 434
195 584
195 992
196 250
196 417
196 854
196 955
197 365
197 422
197 821
197 933
198 321
198 354
199 307
199 458
199 632
199 871
200 610
200 650
200 817
200 844
200 909
201 243
201 257
201 356
201 487
201 600
201 743
202 252
202 456
202 477
202 565
202 595
202 683
202 808
203 524
204 381
204 395
204 786
204 815
204 963
205 373
205 669
205 758
206 238
206 486
206 753
206 808
207 460
207 465
207 504
207 544
207 747
207 850
208 381
208 631
208 795
208 886
209 367
210 543
210 893
211 341
211 502
211 569
211 836
212 408
212 493
212 632
212 736
212 896
213 426
213 460
213 742
213 773
214 389
214 493
214 859
215 257
215 399
215 462
215 816
215 986
216 249
216 392
216 500
216 683
216 703
217 479
217 737
217 771
217 920
218 294
218 456
219 739
219 742
219 955
220 450
220 507
221 300
221 334
221 342
221 823
221 871
222 240
222 321
222 435
222 795
222 861
223 559
223 916
224 568
224 920
224 930
225 659
226 539
226 839
227 298
227 542
227 688
227 824
228 322
228 735
228 984
229 269
229 626
230 331
230 398
230 894
231 266
231 476
231 600
231 797
231 945
232 662
233 931
234 240
234 350
235 542
235 607
235 803
235 969
236 274
236 546
236 581
236 613
237 328
237 480
237 535
237 752
237 866
238 482
239 259
239 270
239 785
239 810
239 956
240 341
240 628
241 305
241 905
242 615
242 726
242 897
243 319
243 859
244 514
244 521
244 623
244 852
244 915
245 634
245 656
245 786
246 427
246 473
246 494
246 755
246 828
247 783
247 931
247 956
248 719
248 732
249 414
249 620
249 727
249 754
249 804
250 281
250 365
250 704
250 740
251 290
251 292
251 450
251 648
252 348
252 529
252 595
252 783
252 814
252 878
252 894
252 989
253 262
253 317
253 698
254 324
254 909
255 613
255 930
256 610
256 767
257 428
257 545
257 546
257 677
257 687
258 419
258 424
258 432
258 633
259 496
260 388
260 730
260 940
261 583
261 752
262 393
262 611
263 292
263 313
264 592
264 916
265 785
265 787
266 532
266 589
266 628
266 702
267 681
267 829
267 857
268 640
269 365
269 401
269 551
269 691
270 590
270 665
270 743
270 744
270 818
270 836
270 983
271 301
271 419
271 709
271 970
271 981
272 374
272 968
273 326
273 655
273 903
273 992
274 613
274 772
274 862
275 533
276 372
276 723
276 810
277 440
277 444
277 877
278 427
278 963
280 515
280 706
280 840
280 929
281 628
281 659
281 908
282 987
283 396
283 422
284 392
284 710
285 340
285 503
285 610
285 761
285 911
285 950
285 974
286 362
286 495
286 787
286 891
286 958
287 505
287 525
287 881
287 892
288 324
288 440
288 628
288 649
288 887
289 378
289 494
289 555
289 565
289 573
289 621
290 615
290 936
291 661
291 772
291 949
292 371
292 394
292 685
292 825
292 843
293 529
293 557
294 460
294 631
294 710
294 773
294 784
294 932
295 391
295 434
295 464
296 452
296 698
296 838
297 695
298 411
298 646
299 455
299 500
300 391
300 648
301 364
301 391
301 423
302 544
302 818
303 378
303 692
304 394
304 450
304 911
304 994
305 342
305 459
306 776
306 924
307 434
307 578
307 676
307 698
307 884
307 999
308 802
309 418
309 681
309 682
309 716
310 442
310 818
310 857
311 466
311 475
311 584
311 612
311 989
311 994
312 334
312 603
312 725
312 846
312 883
313 364
313 831
314 410
314 744
314 754
314 956
315 690
315 896
316 782
316 925
317 414
317 429
317 438
317 471
317 514
317 602
317 830
318 401
320 612
321 324
321 371
321 412
321 643
321 877
322 578
322 656
322 661
322 743
323 458
324 463
324 552
324 878
325 444
325 582
325 732
325 771
325 819
326 350
326 373
326 428
326 482
326 703
326 944
327 832
329 780
329 866
330 565
330 938
330 965
330 994
331 349
331 491
331 594
332 345
332 347
332 620
332 670
332 841
332 852
333 411
333 447
333 624
333 786
333 813
333 915
334 534
334 613
334 649
334 948
335 468
335 491
335 546
335 760
335 807
335 942
336 460
336 469
336 494
336 498
336 830
336 972
337 932
338 456
338 470
338 687
339 540
339 683
339 702
339 742
340 367
340 500
340 682
340 812
341 618
342 368
343 421
343 442
343 931
343 944
344 350
344 379
344 402
344 997
345 500
345 514
345 907
345 926
345 931
346 455
346 500
346 597
346 787
347 438
347 553
347 777
348 982
349 437
349 452
349 632
349 785
349 821
350 732
351 824
352 419
352 505
352 731
352 804
352 843
353 460
353 808
354 429
354 484
354 734
354 763
354 853
354 891
355 415
355 836
356 839
358 423
358 461
358 614
359 576
359 916
360 590
360 941
361 423
361 585
361 606
361 614
361 912
362 525
362 566
362 640
362 745
362 785
363 449
363 780
363 782
363 876
363 939
364 580
364 723
364 825
364 980
364 992
364 996
365 665
365 963
365 994
366 726
367 446
367 610
367 628
368 453
368 497
368 800
369 480
369 594
369 599
369 790
370 446
370 909
370 913
372 479
372 686
372 864
373 713
373 741
373 913
374 388
374 472
374 617
374 965
377 475
378 382
378 520
378 635
378 741
378 962
379 712
379 756
379 802
380 391
380 615
380 995
381 398
381 442
382 529
382 559
382 847
382 995
383 537
383 569
383 678
383 880
383 892
383 959
383 993
384 514
384 671
384 676
384 816
384 940
385 453
385 498
385 984
386 415
386 420
386 421
388 405
388 460
388 795
388 919
388 991
389 694
389 730
390 504
390 537
390 617
390 670
390 768
390 770
391 651
391 936
391 938
392 456
392 479
392 657
392 896
393 414
393 640
393 834
394 436
394 632
394 823
394 996
395 468
396 539
396 548
396 590
396 776
396 874
397 883
397 980
398 621
398 884
398 987
399 439
399 528
399 981
400 542
400 606
401 584
401 657
401 781
401 840
402 699
402 881
403 611
403 955
404 679
404 749
405 699
405 795
406 505
406 598
406 603
406 815
406 898
408 487
408 628
408 812
409 523
409 558
409 923
411 492
411 502
411 555
411 581
411 627
412 652
412 662
413 424
413 753
413 923
413 936
414 618
414 717
414 743
414 820
414 864
414 907
415 518
415 690
415 694
415 981
416 788
416 806
417 590
417 599
417 858
417 935
418 489
418 637
418 649
418 788
418 967
418 969
419 487
419 611
419 666
420 825
421 922
421 951
421 975
422 443
422 698
422 891
422 980
423 523
423 982
424 611
425 492
425 509
425 524
425 623
425 787
425 963
425 973
426 558
426 576
426 939
426 947
427 905
427 976
428 454
428 485
429 579
429 668
429 762
430 447
431 703
431 722
432 958
433 488
433 515
433 623
433 933
434 480
434 888
434 995
435 607
435 807
435 918
436 706
437 525
437 716
437 826
437 897
437 923
438 604
438 722
438 818
438 844
440 481
440 562
440 626
440 742
440 923
441 564
441 724
442 533
442 610
442 869
442 874
442 905
442 988
443 444
443 471
443 829
443 844
444 561
444 773
444 795
444 924
445 739
445 856
445 866
446 542
446 674
446 929
447 580
447 649
447 929
448 627
448 688
449 495
449 790
449 838
449 883
449 941
450 559
450 622
450 737
451 470
451 630
451 897
451 920
452 585
452 615
452 861
454 559
454 691
455 702
456 929
457 462
457 580
457 805
458 617
458 714
459 622
459 676
460 504
460 718
460 743
460 847
460 943
460 966
460 988
461 535
461 750
462 500
463 759
463 812
463 892
464 525
464 666
464 774
464 805
465 525
465 710
466 670
467 477
467 506
467 620
467 688
467 781
467 892
467 946
468 516
468 656
468 765
468 938
469 527
469 532
469 604
469 662
469 834
469 968
470 705
470 822
470 880
471 774
471 779
472 818
472 987
473 626
473 958
474 508
475 821
477 545
477 905
477 914
478 678
478 789
478 993
480 831
481 715
481 938
481 964
483 567
483 778
483 918
484 529
484 572
485 489
485 566
485 647
485 867
486 514
486 646
486 814
487 786
488 596
488 734
488 739
488 804
489 501
489 641
490 683
490 819
491 585
492 689
493 593
493 622
494 522
494 666
494 762
494 872
494 954
495 740
496 581
496 939
496 980
497 747
497 971
498 581
498 591
498 709
499 572
499 645
499 837
499 921
499 973
499 985
500 733
501 743
501 849
501 872
502 542
502 734
502 784
502 952
502 962
503 910
504 655
504 743
504 774
505 622
505 815
505 891
505 988
507 527
507 538
507 606
507 784
507 803
507 868
507 997
509 814
511 577
511 699
511 778
511 875
512 544
512 624
512 669
512 711
513 543
515 742
515 753
516 768
516 921
516 922
517 734
517 924
518 598
518 724
519 673
519 734
519 894
519 902
519 967
520 747
520 780
520 802
520 863
521 757
521 783
521 827
521 943
522 741
522 882
522 964
523 760
523 854
523 924
524 634
524 697
524 998
525 847
525 931
525 948
526 561
526 801
526 830
526 951
527 715
527 785
528 780
528 784
529 737
529 771
529 896
529 991
530 540
530 583
530 632
530 674
530 949
530 984
531 579
535 822
535 881
535 904
536 580
536 896
537 889
537 952
538 650
538 850
538 901
538 991
539 781
539 854
540 892
540 970
541 604
541 714
542 604
542 617
543 665
543 914
543 953
544 966
545 832
546 868
547 685
547 692
547 740
547 788
548 685
548 687
548 842
549 550
549 630
549 726
550 597
550 802
550 962
551 630
551 664
551 689
551 885
551 962
551 978
552 724
552 920
553 713
553 958
554 557
554 699
554 889
555 637
555 845
555 994
556 879
556 952
557 767
558 840
559 599
559 712
559 868
559 870
559 928
560 605
560 678
560 723
560 780
561 591
561 863
561 968
562 691
563 574
563 597
563 760
563 910
564 608
564 639
564 917
565 648
565 682
565 760
565 894
566 629
566 945
568 690
568 826
569 605
569 646
569 873
569 940
570 826
570 986
571 867
571 870
571 872
572 694
573 764
573 798
573 926
574 722
575 639
575 878
575 977
576 670
576 692
576 706
576 946
577 607
577 626
577 757
577 917
578 742
579 663
579 863
580 862
581 863
582 653
582 685
583 665
583 871
583 894
583 935
584 818
585 613
586 617
587 804
587 814
587 827
587 968
588 635
589 631
589 994
590 798
590 852
590 893
590 916
591 806
592 708
592 775
592 832
592 878
592 898
593 698
593 715
593 888
595 717
595 748
596 997
597 816
598 618
598 771
598 799
598 854
600 985
601 859
601 873
602 786
603 699
603 794
603 811
604 695
605 619
605 923
606 742
606 751
607 673
607 794
608 833
610 645
610 799
611 682
611 798
611 964
612 882
612 904
612 996
613 798
613 884
613 887
615 859
616 722
616 876
617 807
618 687
618 691
618 854
618 924
619 753
619 762
619 947
619 965
619 981
620 733
621 662
622 704
622 796
623 682
623 687
624 730
625 742
625 977
626 922
627 754
627 816
627 951
627 966
628 656
628 709
629 659
629 745
630 738
630 787
630 788
631 774
631 987
632 802
632 853
633 892
634 740
634 812
634 849
635 640
635 720
635 976
636 674
636 690
636 797
638 810
638 950
640 857
640 979
643 758
643 779
644 742
644 882
644 910
645 932
645 954
646 982
647 738
647 882
647 897
648 877
648 972
649 866
649 907
650 709
650 968
651 759
651 859
652 758
652 843
652 953
653 921
653 950
654 789
654 841
654 908
654 992
654 994
655 824
655 825
655 859
655 921
656 746
657 990
658 687
658 770
659 673
659 792
661 795
661 895
661 902
662 805
664 684
664 708
664 780
665 915
666 684
666 700
667 721
667 777
668 997
669 987
670 947
670 980
671 722
671 774
673 680
673 683
673 684
673 943
674 804
674 879
674 918
676 706
676 717
676 758
677 698
677 995
678 873
678 912
679 791
680 750
680 890
680 902
681 702
681 867
681 872
681 925
682 708
682 742
682 961
683 831
684 856
684 866
685 786
686 967
688 719
688 835
689 914
690 691
690 831
693 771
693 882
696 818
697 962
697 997
698 925
699 922
700 886
702 880
703 879
703 920
704 921
706 917
706 992
707 788
708 769
708 892
708 952
709 729
709 935
710 832
710 849
710 945
712 745
712 795
712 853
712 878
713 802
714 810
714 899
715 757
715 790
715 891
717 868
718 797
718 807
719 808
719 813
719 869
719 889
720 868
720 877
720 930
721 830
721 845
722 844
722 865
722 997
725 748
725 845
726 878
726 891
726 911
726 964
729 736
729 781
731 745
731 901
732 815
732 845
732 978
733 934
734 841
736 964
738 751
738 912
739 930
739 946
740 781
741 749
742 755
742 830
744 890
745 857
745 931
745 940
746 777
746 923
747 778
747 842
747 891
747 899
748 929
748 975
749 754
749 919
749 957
750 761
750 782
750 971
750 996
754 758
754 850
754 997
755 855
755 866
755 916
756 772
757 881
757 996
758 788
758 864
759 990
762 845
762 876
762 967
763 847
765 877
766 938
767 798
767 817
767 833
767 848
767 884
767 889
767 989
768 824
768 889
769 791
769 980
770 829
770 914
770 930
771 792
771 926
772 849
772 903
774 911
775 967
778 923
779 883
779 990
780 806
781 986
783 791
783 939
784 874
784 897
784 930
785 847
785 878
786 830
787 961
788 887
789 927
791 841
791 956
792 822
794 811
794 861
796 839
798 915
798 956
801 944
809 835
812 834
813 999
814 833
814 843
815 958
817 850
817 976
818 997
819 857
819 994
820 935
820 984
823 991
827 880
827 948
829 953
829 970
830 982
833 938
835 934
835 954
836 894
836 914
839 864
840 979
841 918
842 895
842 971
843 913
844 964
845 962
845 990
847 948
847 987
849 945
853 865
854 936
857 888
857 890
859 908
860 883
861 937
862 879
862 946
864 923
865 868
871 881
871 947
877 956
878 960
880 923
880 983
881 957
882 971
887 972
889 932
892 900
893 913
895 930
895 961
895 979
897 924
899 925
900 957
904 968
907 926
907 942
908 914
909 916
909 928
910 959
912 930
912 944
916 991
920 924
921 968
923 992
931 941
937 997
938 941
942 968
943 976
947 955
948 969
948 970
956 963
957 970
966 998
